Version 0.9.7
5
 4 983 188 77 128 0 1
 5 80 400 206 81 2 2
 0 112 112 877 276 8 3
 3 514 49 203 58 140 4
 1 299 391 206 81 149 5
 0
28
 16711680 5 308 373 308 373 308 373 308 321 308 321 308 321 0 3 0 3
 255 5 230 126 230 126 230 126 230 178 230 178 230 178 0 3 0 3
 8388863 5 355 402 355 402 353 402 353 321 243 321 243 321 0 5 0 3
 255 5 314 402 314 402 314 400 204 400 204 360 204 360 0 5 0 3
 16711680 5 438 373 438 373 438 373 438 321 438 321 438 321 0 3 0 3
 255 5 360 126 360 126 360 126 360 178 360 178 360 178 0 3 0 3
 0 5 256 295 256 295 256 295 334 295 334 295 334 295 0 3 0 3
 65793 5 256 282 256 282 256 282 360 282 360 282 360 282 0 3 0 3
 0 5 334 269 334 269 334 269 334 230 334 230 334 230 0 3 0 3
 16777215 5 373 282 373 282 373 282 490 282 490 282 490 282 0 3 0 3
 65535 5 374 402 374 402 374 391 503 391 503 321 503 321 0 5 0 3
 255 5 490 126 490 126 490 126 490 178 490 178 490 178 0 3 0 3
 16711680 5 568 373 568 373 568 373 568 321 568 321 568 321 0 3 0 3
 65280 5 516 282 516 282 516 282 620 282 620 282 620 282 0 3 0 3
 16776960 5 633 282 633 282 633 307 230 307 230 282 230 282 0 3 0 3
 255 5 620 126 620 126 620 126 620 178 620 178 620 178 0 3 0 3
 16711680 5 698 373 698 373 698 373 698 321 698 321 698 321 0 3 0 3
 65280 5 516 295 516 295 516 295 581 295 581 295 581 295 0 3 0 3
 16711680 5 525 86 525 86 525 139 525 139 529 139 529 139 0 4 0 3
 65280 5 581 178 581 178 580 178 580 178 580 93 580 93 0 3 0 4
 65280 5 581 269 581 269 581 269 581 217 581 217 581 217 0 3 0 3
 0 5 334 191 334 191 334 191 555 191 555 191 555 191 0 3 0 3
 0 5 555 178 555 178 555 93 555 93 560 93 560 93 0 3 0 4
 255 5 165 126 165 126 165 126 165 360 165 360 165 360 0 3 0 3
 16711680 5 178 373 178 373 178 373 178 139 178 139 178 139 0 3 0 3
 16711680 5 314 460 314 460 191 460 191 460 191 373 191 373 0 5 0 3
 16711680 5 932 373 932 373 1044 373 1044 373 1044 301 1044 301 0 3 0 1
 255 5 932 126 932 126 1044 126 1044 126 1044 202 1044 202 0 3 0 1
4
 7008 1 14 224 230 5 0 43428656 8320 3
 7004 1 14 354 230 5 0 43428996 8320 3
 7008 1 14 484 230 5 0 43429132 8320 3
 7004 1 14 614 230 5 0 43429132 8320 3
