Version 0.9.7
13
 4 899 255 77 128 0 1
 5 80 400 206 81 2 2
 0 18 180 877 276 8 3
 1 315 461 206 81 140 4
 3 990 432 203 58 150 5
 3 990 371 203 58 159 7
 3 985 309 203 58 168 8
 1 355 92 206 81 177 11
 0 1021 19 877 276 187 12
 1 1242 299 206 81 319 13
 3 1236 402 203 58 329 14
 3 1240 467 203 58 338 15
 0 235 654 877 276 347 16
 0
160
 255 5 960 269 960 269 960 189 838 189 838 194 838 194 0 1 0 3
 16711680 5 960 368 960 368 960 441 960 441 838 441 838 441 0 1 0 3
 16711680 5 84 441 84 441 10 441 10 207 84 207 84 207 0 3 0 3
 255 5 71 194 71 194 20 194 20 428 71 428 71 428 0 3 0 3
 255 5 97 194 97 194 97 194 97 246 97 246 97 246 0 3 0 3
 255 5 188 194 188 194 188 194 188 246 188 246 188 246 0 3 0 3
 255 5 279 194 279 194 279 194 279 246 279 246 279 246 0 3 0 3
 255 5 370 194 370 194 370 194 370 246 370 246 370 246 0 3 0 3
 16711680 5 175 441 175 441 175 441 175 389 175 389 175 389 0 3 0 3
 16711680 5 266 441 266 441 266 441 266 441 266 389 266 389 0 3 0 3
 16711680 5 357 441 357 441 357 441 357 389 357 389 357 389 0 3 0 3
 16711680 5 448 441 448 441 448 441 448 389 448 389 448 389 0 3 0 3
 33023 5 110 376 110 376 110 498 110 498 371 498 371 498 0 3 0 4
 12615935 5 97 389 97 389 97 399 383 399 383 389 383 389 0 3 0 3
 0 5 123 350 123 350 123 347 188 347 188 350 188 350 0 3 0 3
 16777215 5 201 350 201 350 201 350 201 350 279 350 279 350 0 3 0 3
 11579568 5 305 350 305 350 305 348 370 348 370 350 370 350 0 3 0 3
 33023 5 409 472 409 472 409 480 147 480 147 363 149 363 0 4 0 3
 0 5 162 363 162 363 162 363 162 363 214 363 214 363 0 3 0 3
 16777215 5 344 363 344 363 344 363 396 363 396 363 396 363 0 3 0 3
 12615935 5 409 389 409 389 409 409 136 409 136 389 136 389 0 3 0 3
 65280 5 428 472 428 472 428 462 334 462 334 389 331 389 0 4 0 3
 16777215 5 227 376 227 376 227 377 318 377 318 376 318 376 0 3 0 3
 16711680 5 825 441 825 441 825 469 825 469 1001 469 1001 469 0 3 0 5
 11579568 5 344 376 344 376 344 599 1176 599 1176 476 1176 476 0 3 0 5
 11579568 5 305 363 305 363 305 575 1136 575 1136 476 1136 476 0 3 0 5
 65535 5 162 376 45 376 45 588 1156 588 1156 476 1156 476 0 3 0 5
 65535 5 123 363 29 363 29 563 1116 563 1116 476 1116 476 0 3 0 5
 12615935 5 500 389 500 389 500 396 786 396 786 389 786 389 0 3 0 3
 12615935 5 539 389 539 389 539 409 812 409 812 389 812 389 0 3 0 3
 16711680 5 578 441 578 441 578 441 578 389 578 389 578 389 0 3 0 3
 16711680 5 669 441 669 441 669 441 669 389 669 389 669 389 0 3 0 3
 16711680 5 760 441 760 441 760 441 760 389 760 389 760 389 0 3 0 3
 16711680 5 812 441 812 441 812 417 852 417 852 389 851 389 0 3 0 3
 255 5 500 194 500 194 500 194 500 246 500 246 500 246 0 3 0 3
 255 5 591 246 591 246 591 246 591 194 591 194 591 194 0 3 0 3
 255 5 682 246 682 246 682 246 682 194 682 194 682 194 0 3 0 3
 255 5 773 246 773 246 773 246 773 194 773 194 773 194 0 3 0 3
 65535 5 526 363 528 363 528 537 1076 537 1076 476 1076 476 0 3 0 5
 11579568 5 708 363 708 363 708 550 1096 550 1096 476 1096 476 0 3 0 5
 0 5 526 350 526 350 526 342 591 342 591 350 591 350 0 3 0 3
 11579568 5 708 350 708 350 708 350 773 350 773 350 773 350 0 3 0 3
 16777215 5 604 350 604 350 604 350 682 350 682 350 682 350 0 3 0 3
 33023 5 447 472 447 472 447 458 505 458 505 350 513 350 0 4 0 3
 16777215 5 747 363 747 363 747 363 799 363 799 363 799 363 0 3 0 3
 65280 5 466 472 466 472 466 474 695 474 695 350 695 350 0 4 0 3
 0 5 565 363 565 363 565 363 617 363 617 363 617 363 0 3 0 3
 16777215 5 630 376 630 376 630 376 721 376 721 376 721 376 0 3 0 3
 33023 5 485 485 485 485 485 479 552 479 552 363 552 363 0 4 0 3
 65280 5 504 498 504 498 734 498 734 498 734 389 734 389 0 4 0 3
 11579568 5 747 376 747 376 747 524 1226 524 1226 415 1176 415 0 3 0 7
 16711680 5 838 207 838 206 979 206 979 408 1001 408 1001 408 0 3 0 7
 16711680 5 825 207 825 207 825 219 996 219 996 346 996 346 0 3 0 8
 65535 5 565 376 565 376 565 512 1213 512 1213 415 1156 415 0 3 0 7
 16711680 5 330 530 330 530 97 530 97 530 97 441 97 441 0 4 0 3
 65280 5 390 485 390 485 390 489 292 489 292 389 292 389 0 4 0 3
 255 5 330 472 330 472 319 472 319 428 318 428 318 428 0 4 0 3
 33023 5 110 246 110 246 110 246 110 129 411 129 411 129 0 3 0 11
 0 5 136 285 136 285 136 285 201 285 201 285 201 285 0 3 0 3
 16777215 5 214 285 214 285 214 285 292 285 292 285 292 285 0 3 0 3
 11579568 5 318 285 318 285 318 285 383 285 383 285 383 285 0 3 0 3
 65535 5 136 272 128 272 128 79 865 79 865 353 1071 353 0 3 0 8
 11579568 5 318 272 318 272 318 68 879 68 879 353 1091 353 0 3 0 8
 65280 5 430 116 430 116 430 117 305 117 305 246 305 246 0 11 0 3
 12615935 5 396 246 396 246 396 236 123 236 123 246 123 246 0 3 0 3
 12615935 5 149 246 149 246 149 227 422 227 422 246 422 246 0 3 0 3
 33023 5 449 103 449 103 449 108 162 108 162 259 162 259 0 11 0 3
 0 5 175 272 175 272 175 272 227 272 227 272 227 272 0 3 0 3
 16777215 5 240 259 240 259 240 259 331 259 331 259 331 259 0 3 0 3
 65280 5 468 116 468 116 468 88 345 88 345 246 344 246 0 11 0 3
 16777215 5 357 272 357 272 357 272 409 272 409 272 409 272 0 3 0 3
 65535 5 175 259 175 259 175 57 892 57 892 353 1111 353 0 3 0 8
 11579568 5 357 259 357 259 357 42 914 42 914 353 1131 353 0 3 0 8
 16711680 5 383 207 383 207 383 161 383 161 370 161 370 161 0 3 0 11
 255 5 370 103 370 97 330 97 330 194 331 194 331 194 0 11 0 3
 33023 5 526 246 526 234 561 234 561 129 487 129 487 129 0 3 0 11
 0 5 539 272 539 272 539 272 539 272 604 272 604 272 0 3 0 3
 16777215 5 617 272 617 272 617 273 695 273 695 272 695 272 0 3 0 3
 65280 5 506 103 506 103 708 103 708 103 708 246 708 246 0 11 0 3
 12632256 5 721 285 721 285 721 322 1016 322 1016 415 1096 415 0 3 0 7
 12632256 5 721 272 721 272 721 273 786 273 786 272 786 272 0 3 0 3
 8421631 5 799 246 799 246 799 229 513 229 513 246 513 246 0 3 0 3
 33023 5 565 246 565 246 574 246 574 129 525 129 525 129 0 3 0 11
 0 5 578 246 578 246 578 247 630 247 630 246 630 246 0 3 0 3
 16777215 5 643 246 643 246 643 246 643 246 734 246 734 246 0 3 0 3
 65535 5 578 259 573 259 573 316 1026 316 1026 415 1116 415 0 3 0 7
 65280 5 747 246 747 246 747 116 747 116 544 116 544 116 0 3 0 11
 12632256 5 760 259 760 259 760 260 812 260 812 259 812 259 0 3 0 3
 12632256 5 760 246 760 308 1039 308 1039 415 1136 415 1136 415 0 3 0 7
 8421631 5 825 259 825 259 825 253 552 253 552 259 552 259 0 3 0 3
 65535 5 539 285 539 285 539 328 1005 328 1005 415 1076 415 0 3 0 7
 255 5 960 282 960 282 960 33 960 33 1074 33 1074 33 0 1 0 12
 16711680 5 960 342 960 342 960 280 960 280 1074 280 1074 280 0 1 0 12
 16711680 5 1841 280 1841 280 1893 280 1893 46 1841 46 1841 46 0 12 0 12
 255 5 1841 33 1841 33 1841 33 1841 267 1841 267 1841 267 0 12 0 12
 16711680 5 1152 228 1152 228 1152 228 1152 280 1152 280 1152 280 0 12 0 12
 16711680 5 1243 228 1243 228 1243 228 1243 280 1243 280 1243 280 0 12 0 12
 16711680 5 1334 228 1334 228 1334 228 1334 280 1334 280 1334 280 0 12 0 12
 16711680 5 1257 368 1257 368 1230 368 1230 368 1230 280 1230 280 0 13 0 12
 255 5 1257 310 1257 310 1256 310 1256 310 1256 267 1256 267 0 13 0 12
 33023 5 1087 228 1087 228 1087 222 1298 222 1298 310 1298 310 0 12 0 13
 0 5 1100 189 1100 189 1100 189 1165 189 1165 189 1165 189 0 12 0 12
 65535 5 1100 202 1100 202 1206 202 1206 353 1151 353 1151 353 0 12 0 8
 16777215 5 1178 189 1178 189 1178 189 1256 189 1256 189 1256 189 0 12 0 12
 65280 5 1269 189 1269 189 1269 310 1269 310 1317 310 1317 310 0 12 0 13
 12632256 5 1282 189 1282 189 1282 189 1347 189 1347 189 1347 189 0 12 0 12
 12632256 5 1282 202 1282 202 1217 202 1217 353 1171 353 1171 353 0 12 0 8
 8421631 5 1360 189 1360 189 1360 177 1074 177 1074 189 1074 189 0 12 0 12
 255 5 1074 85 1074 85 1074 85 1087 85 1087 33 1087 33 0 12 0 12
 255 5 1165 85 1165 85 1165 85 1165 33 1165 33 1165 33 0 12 0 12
 255 5 1256 85 1256 85 1256 85 1256 33 1256 33 1256 33 0 12 0 12
 255 5 1347 85 1347 85 1347 85 1347 33 1347 33 1347 33 0 12 0 12
 16711680 5 1425 228 1425 228 1425 228 1425 280 1425 280 1425 280 0 12 0 12
 16711680 5 1247 439 1247 439 1199 439 1199 280 1217 280 1217 280 0 14 0 12
 16711680 5 1251 504 1251 504 1191 504 1191 280 1204 280 1204 280 0 15 0 12
 16711680 5 288 668 288 668 253 668 253 668 253 441 253 441 0 16 0 3
 255 5 240 428 240 428 240 681 240 681 288 681 288 681 0 3 0 16
 255 5 1055 681 1055 681 1094 681 1094 902 1055 902 1055 902 0 16 0 16
 16711680 5 1055 668 1055 668 1105 668 1105 915 1055 915 1055 915 0 16 0 16
 32896 5 513 363 513 363 275 363 275 363 275 759 275 759 0 3 0 16
 32896 5 123 389 123 401 200 401 200 826 275 826 275 824 0 3 0 16
 16776960 5 288 759 285 759 285 611 1282 611 1282 446 1282 446 0 16 0 14
 255 5 262 720 262 720 258 720 258 681 301 681 301 681 0 16 0 16
 16711680 5 340 863 340 863 340 863 340 915 340 915 340 915 0 16 0 16
 32896 5 565 350 565 350 305 350 305 759 301 759 301 759 0 3 0 16
 32896 5 539 259 539 259 330 259 330 759 327 759 327 759 0 3 0 16
 16776960 5 340 759 340 759 340 611 1302 611 1302 446 1302 446 0 16 0 14
 32896 5 162 389 162 389 168 389 168 824 262 824 262 824 0 3 0 16
 32896 5 288 824 288 825 215 825 215 259 136 259 136 259 0 16 0 3
 32896 5 175 246 185 246 185 849 301 849 301 824 301 824 0 3 0 16
 32896 5 1100 228 1100 228 1924 228 1924 644 314 644 314 824 0 12 0 16
 16776960 5 327 824 327 824 327 793 1322 793 1322 446 1322 446 0 16 0 14
 255 5 353 720 353 720 353 720 353 681 353 681 353 681 0 16 0 16
 255 5 444 720 444 720 444 720 444 681 444 681 444 681 0 16 0 16
 255 5 535 720 535 720 535 720 535 681 535 681 535 681 0 16 0 16
 255 5 626 720 626 720 626 720 626 681 626 681 626 681 0 16 0 16
 255 5 717 720 717 720 717 720 717 681 717 681 717 681 0 16 0 16
 255 5 808 720 808 720 808 720 808 681 808 681 808 681 0 16 0 16
 16711680 5 431 863 431 863 431 863 431 915 431 915 431 915 0 16 0 16
 16711680 5 522 863 522 863 522 863 522 915 522 915 522 915 0 16 0 16
 16711680 5 613 863 613 863 613 863 613 915 613 915 613 915 0 16 0 16
 16711680 5 704 863 704 863 704 863 704 915 704 915 704 915 0 16 0 16
 16711680 5 795 863 795 863 795 863 795 915 795 915 795 915 0 16 0 16
 16711680 5 886 863 886 863 886 863 886 915 886 915 886 915 0 16 0 16
 32896 5 539 246 539 246 539 619 366 619 366 759 366 759 0 3 0 16
 32896 5 288 837 288 837 288 846 353 846 353 837 353 837 0 16 0 16
 32896 5 526 376 526 376 372 376 372 824 366 824 366 824 0 3 0 16
 32896 5 314 746 314 779 349 779 349 837 366 837 366 837 0 16 0 16
 16776960 5 379 759 379 759 379 792 1342 792 1342 446 1342 446 0 16 0 14
 32896 5 275 850 275 850 275 851 379 851 379 850 379 850 0 16 0 16
 32896 5 301 863 301 863 301 864 405 864 405 863 405 863 0 16 0 16
 16776960 5 418 824 418 824 418 831 1362 831 1362 446 1362 446 0 16 0 14
 32896 5 578 285 578 285 578 800 392 800 392 824 392 824 0 3 0 16
 32896 5 262 863 262 863 262 794 392 794 392 759 392 759 0 16 0 16
 32896 5 301 746 301 746 301 715 405 715 405 746 405 746 0 16 0 16
 32896 5 314 837 314 837 314 793 418 793 418 759 418 759 0 16 0 16
 16777088 5 431 746 431 746 431 794 1382 794 1382 446 1382 446 0 16 0 14
 32896 5 405 733 405 733 405 794 444 794 444 824 444 824 0 16 0 16
 32896 5 392 837 392 837 392 837 457 837 457 837 457 837 0 16 0 16
 16777088 5 470 733 470 733 1402 733 1402 733 1402 446 1402 446 0 16 0 14
18
 7008 1 14 91 298 5 0 148946620 2388 3
 7004 1 14 182 298 5 0 148946620 2388 3
 7008 1 14 273 298 5 0 148946620 2388 3
 7004 1 14 364 298 5 0 148946620 2388 3
 7008 1 14 494 298 5 0 148946620 2388 3
 7004 1 14 585 298 5 0 148946620 2388 3
 7008 1 14 676 298 5 0 148946620 2388 3
 7004 1 14 767 298 5 0 148946620 2388 3
 7008 1 14 1068 137 5 0 1872146720 34495096 12
 7004 1 14 1159 137 5 0 1872146720 34495096 12
 7008 1 14 1250 137 5 0 1872146720 34495096 12
 7004 1 14 1341 137 5 0 1872146720 34495096 12
 7011 1 14 347 772 5 0 1872146720 34495096 16
 7011 1 14 438 772 5 0 1872146720 34495096 16
 7011 1 14 529 772 5 0 1872146720 34495096 16
 7011 1 14 620 772 5 0 1872146720 34495096 16
 7011 1 14 711 772 5 0 1872146720 34495096 16
 7011 1 14 256 772 5 0 1872146720 34495096 16
